maxerr = 7.96716e-06

    34208.3    74949.6   -11883.9 0.00775014    23.7489     85.258    19.9591    22.3159   -27.3284   -36.7323   -75.6746    -58.402   -52.0698   -68.0284    104.527    408.112    337.428    69.4473   -30.8269   -14.0958   -31.7636   -3.14734  -0.177883   -0.11083  -0.113786    2387.16     265.05
    74949.6 1.59969e+06   -83423.9 -0.000775689   -15.1252   -45.8447    8.59457    22.3627    49.7093    47.7066    94.4633    68.7625    61.9715    79.3115   -8.63773   -278.381   -212.399    61.0358    66.3714    53.2373    46.2146    15.3774    9.46435    10.6582    11.4175    538.213   -3881.54
   -11883.9   -83423.9    10595.2 0.00218553   -10.0841   -102.517   -66.1776   -110.243    6.60863    38.7034    93.6563     85.803    91.4217    115.872    38.8796   -170.949    -301.56   -155.326   -14.8321     7.3834    31.3907    4.78772   0.364166   0.288255   0.250499   -399.004   -4.80634
 0.00775013 -0.000775669 0.00218553 0.00562843 -0.000215483 -0.000320871 -0.000104317 -0.000215187 6.81379e-05 6.13454e-05 7.60812e-05 5.9599e-05  6.274e-05 6.21589e-05 -0.00242214 -0.00108615 -0.000753947 -0.00034942 -5.71939e-05 -1.51923e-05 0.000103428  3.539e-06 1.52991e-08 1.47966e-08 1.0576e-08 -0.000532285 0.00341687
    23.7489   -15.1252   -10.0841 -0.000215483    19.8667   -2.93847   -1.41698  -0.481204  -0.401739   -0.24539  -0.193998 -0.0394047 -0.0703214 -0.0743158   -2.87934   -1.52826   -3.31924   -2.11448   -0.18375  0.0441268  -0.197123 -0.000942621 -4.88265e-06 -1.28373e-05 -9.53788e-06   -5.25548   -1.91184
     85.258   -45.8447   -102.517 -0.000320871   -2.93847    156.192   -9.64726   -8.09519   -4.11064   -3.15626   -4.35546   -1.86015  -0.900109  0.0919735    -3.9611   -9.17834   -16.4229   -10.6582  -0.903682  -0.570979   -5.94685 -0.0519472 -0.000598561 -0.000545536 -6.30084e-05    -20.956    -35.879
    19.9591    8.59457   -66.1776 -0.000104317   -1.41698   -9.64726    187.787   -7.56153    -4.5648   -3.36689   -3.78568   -1.83719   -2.44665  -0.690694    -2.4898   -7.49803   -12.9477   -15.3249   -1.79403  -0.156911     -3.383  -0.260752 -0.000572374 -0.000494145 -0.000316198  -0.222433   -42.2193
    22.3159    22.3627   -110.243 -0.000215187  -0.481204   -8.09519   -7.56153    395.515   -24.1724   -17.8929   -16.6124   -23.5175   -20.1721   -40.7168    3.11356   -16.3828    -14.169    -19.174   -7.66672   -6.84482    -5.2008  -0.598473 -0.00441257 -0.00429327 -0.00446164   -11.2295   -54.4049
   -27.3284    49.7093    6.60863 6.8138e-05  -0.401739   -4.11064    -4.5648   -24.1724    266.185   -11.5292   -16.3791    -8.9577   -11.0833   -12.0169    2.40326   -6.09708   -12.8769   -17.9233   -4.91213   -5.90694   -4.74785  -0.428105 -0.00278014 -0.00266663 -0.00266606    2.89257   -17.8071
   -36.7323    47.7066    38.7034 6.13454e-05   -0.24539   -3.15626   -3.36689   -17.8929   -11.5292    215.383   -10.6966   -6.52791   -6.78536   -7.55656    1.36212   -3.88874    -10.175   -10.5281   -2.92955    -2.9652   -4.48206  -0.323594 -0.00180582 -0.00168179 -0.00154922    5.10348   -9.23943
   -75.6746    94.4633    93.6563 7.60813e-05  -0.193998   -4.35546   -3.78568   -16.6124   -16.3791   -10.6966     288.56   -15.8895   -13.0366   -14.7964     1.5846  -0.571378   -27.3258   -19.8542   -4.09478   -5.53702   -5.37948   -0.45277 -0.00410828  -0.003955 -0.00396452    8.21938   -24.0418
    -58.402    68.7625     85.803 5.9599e-05 -0.0394047   -1.86015   -1.83719   -23.5175    -8.9577   -6.52791   -15.8895    173.541   -8.80321   -11.9197   0.917838   -1.82786   -14.7702   -11.5424   -2.75061   -3.13072   -2.87872  -0.332907 -0.00272981 -0.00265796 -0.00273055    5.38453   -17.5564
   -52.0698    61.9715    91.4217  6.274e-05 -0.0703214  -0.900109   -2.44665   -20.1721   -11.0833   -6.78536   -13.0366   -8.80321    155.028   -9.63354    1.30154   -2.22685   -8.93938     -9.942   -2.91605   -3.32021   -1.90032  -0.733416 -0.00232849 -0.00228101 -0.00240393     9.3018    -15.302
   -68.0284    79.3115    115.872 6.2159e-05 -0.0743158  0.0919735  -0.690694   -40.7168   -12.0169   -7.55656   -14.7964   -11.9197   -9.63354    156.295    1.62369   -4.70448   -11.1925   -13.1071   -3.87212   -4.32941   -1.01833  -0.139687 -0.00314308 -0.00309898 -0.00341379    4.50405   -18.8651
    104.527   -8.63773    38.8796 -0.00242214   -2.87934    -3.9611    -2.4898    3.11356    2.40326    1.36212     1.5846   0.917838    1.30154    1.62369    56.1007    -27.832   -9.87718  -0.644718   0.229341 -0.0393689  0.0439515   0.050333 0.000231047 0.000220372 0.000293056    -71.709     59.897
    408.112   -278.381   -170.949 -0.00108615   -1.52826   -9.17834   -7.49803   -16.3828   -6.09708   -3.88874  -0.571378   -1.82786   -2.22685   -4.70448    -27.832    420.704   -27.7073   -39.1352   -11.7519   0.626827   -1.08629  -0.356069 -0.00229692 -0.00206156 -0.00220254    56.5717      77.16
    337.428   -212.399    -301.56 -0.000753947   -3.31924   -16.4229   -12.9477    -14.169   -12.8769    -10.175   -27.3258   -14.7702   -8.93938   -11.1925   -9.87718   -27.7073     803.07   -47.6483   -8.53039      -7.72   -6.93485  -0.228709 -0.0033128 -0.00783405 -0.00964274    70.9793    5.18744
    69.4473    61.0358   -155.326 -0.00034942   -2.11448   -10.6582   -15.3249    -19.174   -17.9233   -10.5281   -19.8542   -11.5424     -9.942   -13.1071  -0.644718   -39.1352   -47.6483    804.798   -18.8038    -11.674   -5.39103  -0.506422 -0.0141626  -0.012965 -0.0157544     45.321   -106.598
   -30.8269    66.3714   -14.8321 -5.71937e-05   -0.18375  -0.903682   -1.79403   -7.66672   -4.91213   -2.92955   -4.09478   -2.75061   -2.91605   -3.87212   0.229341   -11.7519   -8.53039   -18.8038    1491.86   -8.35305   -1.04774  -0.197131 -0.0139411 -0.0139099 -0.0110302    6.71836   -30.6565
   -14.0958    53.2373     7.3834 -1.51921e-05  0.0441268  -0.570979  -0.156911   -6.84482   -5.90694    -2.9652   -5.53702   -3.13072   -3.32021   -4.32941 -0.0393689   0.626827      -7.72    -11.674   -8.35305    203.204  -0.711766 -0.0804778  -0.019213 -0.0144421 -0.0132045    37.9129   -31.5381
   -31.7636    46.2146    31.3907 0.000103428  -0.197123   -5.94685     -3.383    -5.2008   -4.74785   -4.48206   -5.37948   -2.87872   -1.90032   -1.01833  0.0439515   -1.08629   -6.93485   -5.39103   -1.04774  -0.711766    112.206   -0.24585 -0.0430192 -0.0267579 -0.0161954    4.02768   -7.17121
   -3.14734    15.3774    4.78772  3.539e-06 -0.000942621 -0.0519472  -0.260752  -0.598473  -0.428105  -0.323594   -0.45277  -0.332907  -0.733416  -0.139687   0.050333  -0.356069  -0.228709  -0.506422  -0.197131 -0.0804778   -0.24585    15.0581  -0.090802 -0.0544444 -0.0337428    1.50532    2.59481
  -0.177882    9.46435   0.364166 1.52994e-08 -4.88266e-06 -0.000598561 -0.000572374 -0.00441257 -0.00278014 -0.00180582 -0.00410828 -0.00272981 -0.00232849 -0.00314308 0.000231047 -0.00229692 -0.0033128 -0.0141626 -0.0139411  -0.019213 -0.0430192  -0.090802     2.6146 -0.0640534 -0.0388264   0.795135    3.15703
   -0.11083    10.6582   0.288255 1.47969e-08 -1.28373e-05 -0.000545536 -0.000494144 -0.00429327 -0.00266663 -0.00168179  -0.003955 -0.00265796 -0.00228101 -0.00309898 0.000220372 -0.00206156 -0.00783405  -0.012965 -0.0139099 -0.0144421 -0.0267579 -0.0544444 -0.0640534    2.66288 -0.0662918   0.936553     3.8509
  -0.113786    11.4175   0.250499 1.05766e-08 -9.53789e-06 -6.30084e-05 -0.000316198 -0.00446164 -0.00266606 -0.00154922 -0.00396452 -0.00273055 -0.00240393 -0.00341379 0.000293056 -0.00220253 -0.00964274 -0.0157544 -0.0110302 -0.0132045 -0.0161954 -0.0337428 -0.0388264 -0.0662918    2.36406   0.970598    4.29981
    2387.16    538.213   -399.004 -0.000532284   -5.25548    -20.956  -0.222433   -11.2295    2.89257    5.10348    8.21938    5.38453     9.3018    4.50405    -71.709    56.5717    70.9793     45.321    6.71836    37.9129    4.02768    1.50532   0.795135   0.936553   0.970598    3822.63   -573.639
     265.05   -3881.54   -4.80634 0.00341687   -1.91184    -35.879   -42.2193   -54.4049   -17.8071   -9.23943   -24.0418   -17.5564    -15.302   -18.8651     59.897      77.16    5.18744   -106.598   -30.6565   -31.5381   -7.17121    2.59481    3.15703     3.8509    4.29981   -573.639    4088.46

          0 1.65207e-12 2.70923e-13 2.37984e-07 2.5031e-10 -1.35254e-11 1.83511e-10 -4.18027e-10 -2.23301e-11 5.04142e-11 -9.20348e-12 3.91159e-11 -3.16305e-11 9.62764e-11 -3.55816e-11 -3.99709e-12 -6.5629e-12 -4.17886e-11 -2.88102e-12 -1.38355e-11 -1.17428e-10 1.98241e-09 -1.51136e-08 4.52162e-08 5.46407e-08 1.54769e-12 -1.0722e-12
 -1.65207e-12          0 8.24197e-13 -7.96714e-06 -1.27927e-09 -1.03519e-10  1.054e-09 -9.35976e-11 -7.71493e-11 9.11317e-11 7.67151e-11 -2.30339e-10 1.29074e-10 7.83199e-11 7.64078e-10 -3.45533e-11 -9.40624e-11 1.46608e-11 1.68009e-10 -1.90349e-10 5.25583e-11 -6.93072e-10 1.0551e-09 -1.33609e-09 -8.62918e-10 -1.56662e-11 -6.22335e-13
 -2.70923e-13 -8.24197e-13          0 -2.24864e-07 2.65593e-12 -1.38251e-12 -3.66276e-12 6.71373e-12 6.60738e-12 -1.75647e-11 -2.72923e-11 7.71173e-12 -6.89968e-12 5.45174e-12 -2.00693e-11 -6.1474e-13 -6.25906e-13 -5.1939e-13 -1.40918e-10 2.54004e-10 -1.73389e-11 -5.93432e-11 -4.32539e-09 -9.54927e-10 6.01763e-09 6.47025e-12 -4.18821e-10
 -2.37984e-07 7.96716e-06 2.24864e-07          0 1.24563e-09 7.42988e-09 -8.40393e-08 -3.39711e-08 -1.58564e-07 -6.53301e-08 -1.27607e-07 -5.763e-08 8.63926e-09 -8.23882e-08 3.93094e-09 -4.82482e-08 -1.54982e-08 4.12278e-08 -1.44512e-07 -1.38165e-07 -1.40761e-07 -7.09813e-10 -3.53337e-10 -3.06814e-10 -6.28351e-10 -3.52371e-07 2.06979e-09
 -2.5031e-10 1.27927e-09 -2.65593e-12 -1.24563e-09          0 7.94881e-12 -9.85568e-12 -1.40208e-10 -2.03098e-10 9.66988e-11 6.38124e-10 -4.89201e-10 3.55331e-10 1.02145e-09 -1.28827e-11 1.08934e-11 -1.15518e-11 6.24673e-11 -8.86271e-11 6.54083e-10 -5.94558e-11 -1.20377e-09 1.30502e-08 7.03707e-09 3.47613e-09 -2.93522e-11 1.82392e-09
 1.35254e-11 1.03519e-10 1.38251e-12 -7.42988e-09 -7.94881e-12          0 2.16729e-12 -9.23396e-12 -8.01147e-12 3.32353e-11 1.91156e-11 2.42652e-11 -5.95824e-12 6.7633e-10 -1.33584e-11 2.42103e-13 -4.90096e-12 7.98457e-13 5.10387e-10 4.11208e-11 2.26967e-11 1.19072e-10 8.36258e-08 4.92663e-08 -1.19623e-08 -1.08163e-11 -2.92361e-11
 -1.83511e-10 -1.054e-09 3.66276e-12 8.40393e-08 9.85568e-12 -2.16729e-12          0 2.37342e-12 1.56045e-11 1.23087e-11 -1.98908e-11 -8.80031e-11 -3.89408e-11 2.89123e-11 -1.189e-12 2.86245e-12 1.4719e-12 4.06883e-12 3.62953e-11 -4.11426e-11 6.56258e-13 4.71886e-11 2.71593e-08 -1.72959e-08 -7.4575e-08 5.06473e-09 -1.79078e-11
 4.18027e-10 9.35976e-11 -6.71373e-12 3.39711e-08 1.40208e-10 9.23396e-12 -2.37342e-12          0 3.45985e-12 5.56355e-12 4.36612e-12 -1.00552e-11 -1.16401e-11 7.90601e-13 1.42609e-11 -9.0806e-12 8.61881e-12 1.13488e-11 4.80742e-11 -1.02177e-11 1.12951e-11 -3.2298e-10 1.56032e-08 4.91049e-09 3.34301e-09 -1.8138e-10 1.89098e-12
 2.23301e-11 7.71493e-11 -6.60738e-12 1.58564e-07 2.03098e-10 8.01147e-12 -1.56045e-11 -3.45985e-12          0 8.73064e-12 2.68858e-12 1.24033e-13 4.72466e-12 3.91097e-12 -3.54097e-12 -1.27461e-12 -5.80523e-12 1.23883e-13 4.32402e-11 8.20666e-12 8.88477e-12 -1.71554e-10 -1.19107e-08 7.90953e-09 -2.49693e-08 6.67985e-10 2.25254e-10
 -5.04142e-11 -9.11317e-11 1.75647e-11 6.53301e-08 -9.66988e-11 -3.32353e-11 -1.23087e-11 -5.56355e-12 -8.73064e-12          0 1.06901e-11 -8.0495e-12 1.03347e-11 -8.81413e-13 1.0865e-12 -5.89949e-12 -8.3285e-12 -2.2145e-12 1.6672e-11 -1.8717e-12 -7.47149e-12 -1.822e-10 1.63756e-08 2.51064e-08 -2.62113e-08 -3.43175e-10 -5.93205e-10
 9.20348e-12 -7.67151e-11 2.72923e-11 1.27607e-07 -6.38124e-10 -1.91156e-11 1.98908e-11 -4.36612e-12 -2.68858e-12 -1.06901e-11          0 -2.3988e-12 8.81383e-12 6.02744e-12  6.222e-11 -2.05784e-10 -9.72363e-12 4.10076e-12 -5.78344e-11 -1.50367e-11 -9.2347e-12 4.94975e-11 3.40123e-08 -6.70526e-09 1.65299e-08 -3.83271e-10 2.52131e-11
 -3.91159e-11 2.30339e-10 -7.71173e-12  5.763e-08 4.89201e-10 -2.42652e-11 8.80031e-11 1.00552e-11 -1.24033e-13 8.0495e-12 2.3988e-12          0 -2.12276e-12 -1.03694e-11 -1.59179e-11 1.21444e-11 -9.7964e-12 -1.85955e-12 -6.41652e-11 -8.98236e-12 -1.32068e-11 1.25011e-10 -6.27956e-09 -3.14668e-09 -2.93904e-09 -7.60076e-11 1.59712e-10
 3.16305e-11 -1.29074e-10 6.89968e-12 -8.63926e-09 -3.55331e-10 5.95824e-12 3.89408e-11 1.16401e-11 -4.72466e-12 -1.03347e-11 -8.81383e-12 2.12276e-12          0 -1.73437e-11 3.78021e-11 1.30429e-11 1.72414e-11 1.08686e-11 6.99151e-11 -1.98372e-11 3.40703e-12 1.45916e-11 1.08064e-08 -1.29101e-08 3.93269e-10 6.59205e-11 1.90134e-10
 -9.62764e-11 -7.83199e-11 -5.45174e-12 8.23882e-08 -1.02145e-09 -6.7633e-10 -2.89123e-11 -7.90601e-13 -3.91097e-12 8.81413e-13 -6.02744e-12 1.03694e-11 1.73437e-11          0 -3.30385e-11 -1.09332e-11 1.68621e-12 -7.96187e-12 3.01975e-11 3.9914e-11 1.0897e-16 4.82763e-10 8.30121e-10 -1.01076e-08 -3.34028e-08 4.50295e-10 -1.65563e-11
 3.55816e-11 -7.64078e-10 2.00693e-11 -3.93094e-09 1.28827e-11 1.33584e-11  1.189e-12 -1.42609e-11 3.54097e-12 -1.0865e-12 -6.222e-11 1.59179e-11 -3.78021e-11 3.30385e-11          0 -1.30978e-12 2.30423e-12 -1.08978e-11 -6.71424e-10 -8.58611e-10 4.95359e-10 1.42419e-10 -1.39557e-08 3.14697e-08 -2.72482e-08 4.42948e-11 -1.09607e-11
 3.99709e-12 3.45533e-11 6.1474e-13 4.82482e-08 -1.08934e-11 -2.42103e-13 -2.86245e-12 9.0806e-12 1.27461e-12 5.89949e-12 2.05784e-10 -1.21444e-11 -1.30429e-11 1.09332e-11 1.30978e-12          0 -1.62949e-12 -2.15601e-12 2.95994e-12 -4.66041e-11 7.94266e-11 7.67381e-11 2.55254e-08 -1.77023e-08 -1.54673e-08 1.09893e-12 1.07779e-10
 6.5629e-12 9.40624e-11 6.25906e-13 1.54982e-08 1.15518e-11 4.90096e-12 -1.4719e-12 -8.61881e-12 5.80523e-12 8.3285e-12 9.72363e-12 9.7964e-12 -1.72414e-11 -1.68621e-12 -2.30423e-12 1.62949e-12          0 -6.21312e-13 -1.1973e-11 -4.2662e-12 1.70487e-11 4.59851e-10 -2.11085e-08 -1.30683e-09 -2.12093e-08 -8.49841e-12 8.28898e-11
 4.17886e-11 -1.46608e-11 5.1939e-13 -4.12278e-08 -6.24673e-11 -7.98457e-13 -4.06883e-12 -1.13488e-11 -1.23883e-13 2.2145e-12 -4.10076e-12 1.85955e-12 -1.08686e-11 7.96187e-12 1.08978e-11 2.15601e-12 6.21312e-13          0 -2.04679e-12 -1.26747e-13 3.00986e-11 1.14343e-10 2.00771e-09 -4.4123e-09 -3.16417e-09 2.29125e-11 -2.50029e-11
 2.88102e-12 -1.68009e-10 1.40918e-10 1.44512e-07 8.86271e-11 -5.10387e-10 -3.62953e-11 -4.80742e-11 -4.32402e-11 -1.6672e-11 5.78344e-11 6.41652e-11 -6.99151e-11 -3.01975e-11 6.71424e-10 -2.95994e-12 1.1973e-11 2.04679e-12          0 1.55941e-11 1.70962e-10 -1.90532e-10 1.58974e-08 -1.67783e-08 -4.10704e-09 -5.11142e-11 -2.11009e-11
 1.38355e-11 1.90349e-10 -2.54004e-10 1.38165e-07 -6.54083e-10 -4.11208e-11 4.11426e-11 1.02177e-11 -8.20666e-12 1.8717e-12 1.50367e-11 8.98236e-12 1.98372e-11 -3.9914e-11 8.58611e-10 4.66041e-11 4.2662e-12 1.26747e-13 -1.55941e-11          0 6.62456e-12 -1.3596e-10 -2.68573e-09 -2.11237e-09 -6.71089e-10 4.87466e-11 -2.03938e-11
 1.17428e-10 -5.25583e-11 1.73389e-11 1.40761e-07 5.94558e-11 -2.26967e-11 -6.56258e-13 -1.12951e-11 -8.88477e-12 7.47149e-12 9.2347e-12 1.32068e-11 -3.40703e-12 -1.0897e-16 -4.95359e-10 -7.94266e-11 -1.70487e-11 -3.00986e-11 -1.70962e-10 -6.62456e-12          0 5.57703e-11 -4.2286e-10 -3.6689e-10 -3.34398e-10 -1.15248e-09 3.77907e-10
 -1.98241e-09 6.93072e-10 5.93432e-11 7.09813e-10 1.20377e-09 -1.19072e-10 -4.71886e-11 3.2298e-10 1.71554e-10  1.822e-10 -4.94975e-11 -1.25011e-10 -1.45916e-11 -4.82763e-10 -1.42419e-10 -7.67381e-11 -4.59851e-10 -1.14343e-10 1.90532e-10 1.3596e-10 -5.57703e-11          0 6.04194e-11 -1.73227e-10 3.68126e-11 1.79621e-10 1.81309e-09
 1.51136e-08 -1.0551e-09 4.32539e-09 3.53337e-10 -1.30502e-08 -8.36258e-08 -2.71593e-08 -1.56032e-08 1.19107e-08 -1.63756e-08 -3.40123e-08 6.27956e-09 -1.08064e-08 -8.30121e-10 1.39557e-08 -2.55254e-08 2.11085e-08 -2.00771e-09 -1.58974e-08 2.68573e-09 4.2286e-10 -6.04194e-11          0 2.57979e-11  4.639e-11 3.60424e-09 -2.19338e-10
 -4.52162e-08 1.33609e-09 9.54927e-10 3.06814e-10 -7.03707e-09 -4.92663e-08 1.72959e-08 -4.91049e-09 -7.90953e-09 -2.51064e-08 6.70526e-09 3.14668e-09 1.29101e-08 1.01076e-08 -3.14697e-08 1.77023e-08 1.30683e-09 4.4123e-09 1.67783e-08 2.11237e-09 3.6689e-10 1.73227e-10 -2.57979e-11          0 4.32903e-13 5.19522e-11 3.00882e-10
 -5.46407e-08 8.62918e-10 -6.01763e-09 6.28351e-10 -3.47613e-09 1.19623e-08 7.4575e-08 -3.34301e-09 2.49693e-08 2.62113e-08 -1.65299e-08 2.93904e-09 -3.93269e-10 3.34028e-08 2.72482e-08 1.54673e-08 2.12093e-08 3.16417e-09 4.10704e-09 6.71089e-10 3.34398e-10 -3.68126e-11 -4.639e-11 -4.32903e-13          0 -3.70749e-10 6.63168e-10
 -1.54769e-12 1.56662e-11 -6.47025e-12 3.52371e-07 2.93522e-11 1.08163e-11 -5.06473e-09 1.8138e-10 -6.67985e-10 3.43175e-10 3.83271e-10 7.60076e-11 -6.59205e-11 -4.50295e-10 -4.42948e-11 -1.09893e-12 8.49841e-12 -2.29125e-11 5.11142e-11 -4.87466e-11 1.15248e-09 -1.79621e-10 -3.60424e-09 -5.19522e-11 3.70749e-10          0 1.98185e-12
 1.0722e-12 6.22335e-13 4.18821e-10 -2.06979e-09 -1.82392e-09 2.92361e-11 1.79078e-11 -1.89098e-12 -2.25254e-10 5.93205e-10 -2.52131e-11 -1.59712e-10 -1.90134e-10 1.65563e-11 1.09607e-11 -1.07779e-10 -8.28898e-11 2.50029e-11 2.11009e-11 2.03938e-11 -3.77907e-10 -1.81309e-09 2.19338e-10 -3.00882e-10 -6.63168e-10 -1.98185e-12          0
