maxerr = 2.38966e-09

      86172    32151.7    -134773    -95.857     3203.5    1056.26    461.124    165.575     -29.79   -146.168   -243.056   -299.351   -396.295   -458.422    2674.97    285.305
    32151.7     154970    -247840    75.6014    -1887.8    -752.79   -185.643    91.3706    240.758    387.493     493.74     645.64    752.537    720.935   -9.99785    2568.19
    -134773    -247840     873671    730.212   -7927.55   -6302.48   -5182.87   -3892.84   -2371.28   -970.329    546.855    1895.43    3971.03    5709.47   -93.6654   -3742.64
    -95.857    75.6014    730.212    3261.57   -245.742   -22.8716   -1.01024    7.18496    9.92473    10.4016    11.4611     10.898    13.0282    15.2631     564.65   -5.21028
     3203.5    -1887.8   -7927.55   -245.742    5448.09   -323.569   -201.208   -181.936   -181.908   -164.301   -166.994   -161.315   -160.432   -179.174    31.6808    64.9809
    1056.26    -752.79   -6302.48   -22.8716   -323.569    2238.63   -149.542    -118.32   -112.243   -115.121   -114.507   -110.617   -121.898   -98.8966    2.76202    79.3786
    461.124   -185.643   -5182.87   -1.01024   -201.208   -149.542    1734.84   -111.079   -102.833   -99.5429   -96.7706   -90.0496   -108.415   -102.383  -0.158159    96.8987
    165.575    91.3706   -3892.84    7.18496   -181.936    -118.32   -111.079    1650.98   -105.198   -96.8418   -92.2902   -84.2228   -99.7571    -117.32   -1.24638    103.604
     -29.79    240.758   -2371.28    9.92473   -181.908   -112.243   -102.833   -105.198    1533.45   -92.8854   -89.8958   -81.2434   -95.8681   -116.939   -1.45222    96.8148
   -146.168    387.493   -970.329    10.4016   -164.301   -115.121   -99.5429   -96.8418   -92.8854    1571.61   -89.0379   -81.5428   -94.4796   -107.347   -1.43001    80.4073
   -243.056     493.74    546.855    11.4611   -166.994   -114.507   -96.7706   -92.2902   -89.8958   -89.0379    1584.07   -80.3947   -93.3047   -103.261   -1.51884    74.7672
   -299.351     645.64    1895.43     10.898   -161.315   -110.617   -90.0496   -84.2228   -81.2434   -81.5428   -80.3947    1483.02   -83.3951   -90.3537    -1.4445    62.9315
   -396.295    752.537    3971.03    13.0282   -160.432   -121.898   -108.415   -99.7571   -95.8681   -94.4796   -93.3047   -83.3951    2020.66   -108.374   -1.67591     77.712
   -458.422    720.935    5709.47    15.2631   -179.174   -98.8966   -102.383    -117.32   -116.939   -107.347   -103.261   -90.3537   -108.374    2200.76   -2.04896    120.356
    2674.97   -9.99785   -93.6654     564.65    31.6808    2.76202  -0.158159   -1.24638   -1.45222   -1.43001   -1.51884    -1.4445   -1.67591   -2.04896    4678.89     1.3207
    285.305    2568.19   -3742.64   -5.21028    64.9809    79.3786    96.8987    103.604    96.8148    80.4073    74.7672    62.9315     77.712    120.356     1.3207    2823.87

          0 1.0527e-12 -1.72661e-12 -5.14256e-12 -2.21171e-12 -2.87785e-12 1.36505e-11 3.68791e-12 2.00978e-10 3.7009e-11 1.48596e-11 -2.552e-11 -1.48891e-11 1.86071e-12 4.65743e-12 1.21202e-11
 -1.0527e-12          0 3.46711e-13 5.50007e-11 2.88174e-12 4.39236e-12 -6.06117e-12 -3.33699e-11 6.79637e-12 8.60684e-12 1.44739e-12 -4.42534e-12 2.13947e-12 5.8565e-12 7.5093e-10 6.89329e-13
 1.72661e-12 -3.46711e-13          0 6.70191e-12 -2.79587e-13 2.63931e-12 -2.49709e-13 1.52276e-12 -1.12477e-11 -3.09434e-11 -1.63409e-11 7.57421e-13 4.41918e-12 -1.86503e-12 1.05824e-10 4.29689e-12
 5.14256e-12 -5.50007e-11 -6.70191e-12          0 1.67124e-13 2.29678e-11 1.00872e-10 -6.23199e-12 -1.04588e-11 -1.5974e-11 -1.91955e-11 1.43295e-11 3.72105e-12 -9.23748e-12 1.4416e-13 -6.22143e-11
 2.21171e-12 -2.88174e-12 2.79587e-13 -1.67124e-13          0 2.25841e-12 3.17329e-13 -4.65841e-13 -3.98855e-12 -4.56076e-13 -3.62345e-13 1.19305e-12 -3.05746e-12 3.86223e-12 1.04547e-11 -1.70853e-12
 2.87785e-12 -4.39236e-12 -2.63931e-12 -2.29678e-11 -2.25841e-12          0 -1.47199e-13 2.2238e-12 1.37819e-12 3.97811e-12 2.58551e-12 2.90056e-12 7.51935e-15 -7.54211e-12 5.93455e-11 3.78575e-12
 -1.36505e-11 6.06117e-12 2.49709e-13 -1.00872e-10 -3.17329e-13 1.47199e-13          0 -9.52915e-13 3.81413e-13 1.77901e-12 2.1109e-12 1.39528e-12 -6.24651e-13 8.5487e-13 -2.38966e-09 3.88976e-12
 -3.68791e-12 3.33699e-11 -1.52276e-12 6.23199e-12 4.65841e-13 -2.2238e-12 9.52915e-13          0 8.86502e-13 -3.58432e-12 1.95276e-12 1.08973e-12 -1.97911e-12 -9.59034e-13 -6.80417e-10 -5.22763e-12
 -2.00978e-10 -6.79637e-12 1.12477e-11 1.04588e-11 3.98855e-12 -1.37819e-12 -3.81413e-13 -8.86502e-13          0 -7.25108e-13 3.54021e-13 1.27549e-12 -8.10833e-13 -2.06182e-12 1.52083e-10 1.50049e-12
 -3.7009e-11 -8.60684e-12 3.09434e-11 1.5974e-11 4.56076e-13 -3.97811e-12 -1.77901e-12 3.58432e-12 7.25108e-13          0 6.79513e-13 1.90603e-12 1.73522e-12 -4.51553e-13 1.66603e-10  5.882e-12
 -1.48596e-11 -1.44739e-12 1.63409e-11 1.91955e-11 3.62345e-13 -2.58551e-12 -2.1109e-12 -1.95276e-12 -3.54021e-13 -6.79513e-13          0 -1.46845e-12 3.76201e-12 1.83317e-12 2.59652e-10 3.20975e-12
  2.552e-11 4.42534e-12 -7.57421e-13 -1.43295e-11 -1.19305e-12 -2.90056e-12 -1.39528e-12 -1.08973e-12 -1.27549e-12 -1.90603e-12 1.46845e-12          0 -3.13081e-12 3.13529e-12 -4.22191e-10 3.50778e-12
 1.48891e-11 -2.13947e-12 -4.41918e-12 -3.72105e-12 3.05746e-12 -7.51935e-15 6.24651e-13 1.97911e-12 8.10833e-13 -1.73522e-12 -3.76201e-12 3.13081e-12          0 3.30376e-12 -1.91394e-10 5.0883e-12
 -1.86071e-12 -5.8565e-12 1.86503e-12 9.23748e-12 -3.86223e-12 7.54211e-12 -8.5487e-13 9.59034e-13 2.06182e-12 4.51553e-13 -1.83317e-12 -3.13529e-12 -3.30376e-12          0 -3.93104e-10 -1.42674e-12
 -4.65743e-12 -7.5093e-10 -1.05824e-10 -1.4416e-13 -1.04547e-11 -5.93455e-11 2.38966e-09 6.80417e-10 -1.52083e-10 -1.66603e-10 -2.59652e-10 4.22191e-10 1.91394e-10 3.93104e-10          0 -4.03352e-11
 -1.21202e-11 -6.89329e-13 -4.29689e-12 6.22143e-11 1.70853e-12 -3.78575e-12 -3.88976e-12 5.22763e-12 -1.50049e-12 -5.882e-12 -3.20975e-12 -3.50778e-12 -5.0883e-12 1.42674e-12 4.03352e-11          0
