    unsorted:	 1654.454037 1633.602657 1676.372835 1788.355697 1460.356495 1945.736652 2191.344167 2262.961417 3035.429538 2820.344862 789.4220268 4743.492019 5294.492493 60044.29831 83085.72889 972617.3060
      sorted:	 789.4220268 1460.356495 1633.602657 1654.454037 1676.372835 1788.355697 1945.736652 2191.344167 2262.961417 2820.344862 3035.429538 4743.492019 5294.492493 60044.29831 83085.72889 972617.3060
