maxerr = 5.24507e-09

 3.41418e+06 2.52981e+06 -1.7305e+06    785.159     931.66      884.4    703.758    456.374    207.788    22.3314   -150.838    -320.52   -149.556   -238.338   -227.894   -771.232    165.994    90.7725
 2.52981e+06 4.95108e+06 -2.63398e+06    1074.51   -159.342   -442.875   -468.067   -321.899   -123.577    39.9953    198.722    387.458    208.216    326.619    378.501     1016.9     410.74    2190.16
 -1.7305e+06 -2.63398e+06 1.65334e+06    3117.33    306.118   -752.783   -1254.48   -1231.14   -900.749   -459.943    1.51957    551.434    427.763    802.646    789.044    3068.22     235.79   -1199.59
    785.159    1074.51    3117.33    4893.16   -729.515    -453.65   -267.356    -144.98   -55.9497  -0.602448    40.2192    69.0838    22.8247    27.8194    28.7707    30.9175   -44.7443    71.0971
     931.66   -159.342    306.118   -729.515    3157.35   -272.073   -186.661   -115.864   -70.9083   -38.6303   -16.4019 -0.0307731    3.61169    6.89848    8.35879    11.0087    50.2697    42.7909
      884.4   -442.875   -752.783    -453.65   -272.073    3082.63   -185.995   -127.403   -94.1116   -68.2182   -58.1764   -40.3069   -9.39598   -9.96011  -0.648554   -2.21457    17.9985    5.06927
    703.758   -468.067   -1254.48   -267.356   -186.661   -185.995    3108.46   -141.477   -106.339   -82.7642   -79.9795   -71.6261    -16.867   -17.9064   -10.6594   -10.0357     16.803    14.5879
    456.374   -321.899   -1231.14    -144.98   -115.864   -127.403   -141.477    2900.39   -123.564   -108.715   -112.198   -105.879   -24.1139   -23.8311   -22.4638   -20.0632    14.8771    17.6442
    207.788   -123.577   -900.749   -55.9497   -70.9083   -94.1116   -106.339   -123.564    2633.49   -129.933   -130.354   -129.113   -30.7463    -25.883   -36.3533   -30.2118   -10.3014   -23.3534
    22.3314    39.9953   -459.943  -0.602448   -38.6303   -68.2182   -82.7642   -108.715   -129.933    2321.26   -198.167   -177.366   -41.6538   -32.3914   -47.5571   -42.4305     6.7972    10.4768
   -150.838    198.722    1.51957    40.2192   -16.4019   -58.1764   -79.9795   -112.198   -130.354   -198.167    2327.31   -260.977   -57.4595   -48.1329   -58.7085   -54.0761    7.70569    75.0389
    -320.52    387.458    551.434    69.0838 -0.0307731   -40.3069   -71.6261   -105.879   -129.113   -177.366   -260.977    2214.39   -80.7576   -69.7299   -84.3921   -66.0517   -25.5432    118.321
   -149.556    208.216    427.763    22.8247    3.61169   -9.39598    -16.867   -24.1139   -30.7463   -41.6538   -57.4595   -80.7576    792.355    -28.313    -36.922   -25.5402    6.75305    73.4213
   -238.338    326.619    802.646    27.8194    6.89848   -9.96011   -17.9064   -23.8311    -25.883   -32.3914   -48.1329   -69.7299    -28.313    894.976   -38.8802   -29.4781    9.25623    87.1311
   -227.894    378.501    789.044    28.7707    8.35879  -0.648554   -10.6594   -22.4638   -36.3533   -47.5571   -58.7085   -84.3921    -36.922   -38.8802    872.923   -46.0578   -4.39651    149.337
   -771.232     1016.9    3068.22    30.9175    11.0087   -2.21457   -10.0357   -20.0632   -30.2118   -42.4305   -54.0761   -66.0517   -25.5402   -29.4781   -46.0578    1621.42    34.3965    102.016
    165.994     410.74     235.79   -44.7443    50.2697    17.9985     16.803    14.8771   -10.3014     6.7972    7.70569   -25.5432    6.75305    9.25623   -4.39651    34.3965    6609.35   -187.757
    90.7725    2190.16   -1199.59    71.0971    42.7909    5.06927    14.5879    17.6442   -23.3534    10.4768    75.0389    118.321    73.4213    87.1311    149.337    102.016   -187.757    9007.97

          0 5.60124e-13 -5.21161e-13 1.59213e-11 -1.86987e-11 7.87002e-12 2.7256e-11 6.65905e-12 5.16137e-11 -1.66286e-09 5.6606e-11 -8.86273e-11 -6.78006e-12 -9.98839e-11 -1.01259e-10 1.45722e-11 3.27815e-11 2.26481e-10
 -5.60124e-13          0 1.31532e-13 1.46243e-11  1.086e-11 2.41827e-11 9.74093e-13 4.52091e-11 -1.40426e-10 -1.93643e-10 -5.12347e-11 -2.72012e-12 -1.06463e-11 -3.09933e-11 -1.02623e-11 -9.44461e-12 -6.3401e-11 -6.31553e-12
 5.21161e-13 -1.31532e-13          0 3.67581e-12 1.91154e-11 -4.67232e-12 6.81343e-12 -4.15107e-11 5.64679e-12 -2.30568e-11 5.24507e-09 -1.94356e-11 -3.60278e-11 -1.34336e-11 1.24928e-11 2.9698e-12 1.17525e-11  2.006e-11
 -1.59213e-11 -1.46243e-11 -3.67581e-12          0 4.32297e-13 2.99347e-13 -2.75865e-12 -2.35853e-12 2.42086e-12 -8.05886e-10 -1.19433e-11 -5.9622e-12 -4.68565e-12 -4.56268e-12 6.94584e-13 -7.28946e-12 9.31285e-12 -6.32009e-11
 1.86987e-11 -1.086e-11 -1.91154e-11 -4.32297e-13          0 3.07331e-13 2.75194e-12 6.3245e-13 3.91411e-12 -1.53276e-11 -1.70571e-11 -9.46691e-11 -8.91329e-11 1.45906e-11 -2.187e-11 3.59007e-11 6.09991e-11 4.37605e-11
 -7.87002e-12 -2.41827e-11 4.67232e-12 -2.99347e-13 -3.07331e-13          0 3.50238e-13 3.68323e-12 -2.73686e-12 7.42115e-12 -2.9007e-12 2.86456e-12 -1.11065e-11 2.26638e-11 -1.50526e-10 -1.23633e-11 1.39732e-10 -5.60612e-11
 -2.7256e-11 -9.74093e-13 -6.81343e-12 2.75865e-12 -2.75194e-12 -3.50238e-13          0 1.98884e-13 -1.80943e-13 5.09731e-12 2.79464e-12 5.43532e-12 3.11545e-12 1.18625e-11 1.41643e-11 6.32016e-11 1.78832e-10 -1.60933e-10
 -6.65905e-12 -4.52091e-11 4.15107e-11 2.35853e-12 -6.3245e-13 -3.68323e-12 -1.98884e-13          0 -3.45035e-12 1.30716e-12 -8.57599e-13 1.42606e-12 5.9851e-12 8.97579e-12 1.79237e-11 -2.17648e-12 9.53197e-11 1.28191e-10
 -5.16137e-11 1.40426e-10 -5.64679e-12 -2.42086e-12 -3.91411e-12 2.73686e-12 1.80943e-13 3.45035e-12          0 1.0026e-12 -1.03337e-12 2.24708e-12 -3.70711e-12 -5.43267e-13 -7.61452e-12 9.28474e-12 -1.94703e-10 1.19798e-11
 1.66286e-09 1.93643e-10 2.30568e-11 8.05886e-10 1.53276e-11 -7.42115e-12 -5.09731e-12 -1.30716e-12 -1.0026e-12          0 6.12415e-13 -2.33714e-13 2.11435e-12 2.05648e-13 -2.42778e-12 -1.76529e-11 -1.28046e-10 -2.67597e-10
 -5.6606e-11 5.12347e-11 -5.24507e-09 1.19433e-11 1.70571e-11 2.9007e-12 -2.79464e-12 8.57599e-13 1.03337e-12 -6.12415e-13          0 6.46567e-13 1.48131e-12 -6.10473e-12 3.95864e-12 -1.24563e-12 1.24476e-10 -7.10958e-11
 8.86273e-11 2.72012e-12 1.94356e-11 5.9622e-12 9.46691e-11 -2.86456e-12 -5.43532e-12 -1.42606e-12 -2.24708e-12 2.33714e-13 -6.46567e-13          0 2.44701e-12 -4.19262e-12 -2.12247e-12 8.09046e-12 -2.02831e-11 3.02763e-12
 6.78006e-12 1.06463e-11 3.60278e-11 4.68565e-12 8.91329e-11 1.11065e-11 -3.11545e-12 -5.9851e-12 3.70711e-12 -2.11435e-12 -1.48131e-12 -2.44701e-12          0 -5.4897e-12  3.949e-12 -3.71514e-11 -2.34203e-10 -6.2874e-11
 9.98839e-11 3.09933e-11 1.34336e-11 4.56268e-12 -1.45906e-11 -2.26638e-11 -1.18625e-11 -8.97579e-12 5.43267e-13 -2.05648e-13 6.10473e-12 4.19262e-12 5.4897e-12          0 -9.51849e-13 -1.49895e-11 -1.68791e-10 1.20879e-11
 1.01259e-10 1.02623e-11 -1.24928e-11 -6.94584e-13  2.187e-11 1.50526e-10 -1.41643e-11 -1.79237e-11 7.61452e-12 2.42778e-12 -3.95864e-12 2.12247e-12 -3.949e-12 9.51849e-13          0 1.34504e-11 -3.3868e-10 9.89655e-15
 -1.45722e-11 9.44461e-12 -2.9698e-12 7.28946e-12 -3.59007e-11 1.23633e-11 -6.32016e-11 2.17648e-12 -9.28474e-12 1.76529e-11 1.24563e-12 -8.09046e-12 3.71514e-11 1.49895e-11 -1.34504e-11          0 -7.55491e-11 -2.22951e-11
 -3.27815e-11 6.3401e-11 -1.17525e-11 -9.31285e-12 -6.09991e-11 -1.39732e-10 -1.78832e-10 -9.53197e-11 1.94703e-10 1.28046e-10 -1.24476e-10 2.02831e-11 2.34203e-10 1.68791e-10 3.3868e-10 7.55491e-11          0 -2.70897e-11
 -2.26481e-10 6.31553e-12 -2.006e-11 6.32009e-11 -4.37605e-11 5.60612e-11 1.60933e-10 -1.28191e-10 -1.19798e-11 2.67597e-10 7.10958e-11 -3.02763e-12 6.2874e-11 -1.20879e-11 -9.89655e-15 2.22951e-11 2.70897e-11          0
