maxerr = 2.36594e-09

 2.31279e+06 2.56078e+06 -1.79668e+06   -1319.93    515.403    938.051    900.458    680.183    385.518    98.4772    -140.96   -416.935   -661.652   -836.678   -913.841   -976.661    2727.76    246.045
 2.56078e+06 7.04429e+06 -3.2916e+06    3413.83    195.245   -638.962   -799.685   -650.479   -374.244   -76.6304    202.914    510.368    798.473    1023.47    1201.55    1279.83    436.402    57.2685
 -1.79668e+06 -3.2916e+06 2.13139e+06     9028.5    1801.41   -982.348   -2218.95   -2415.39   -1961.67   -1123.83   -163.652    1035.39    2222.05    3396.22    3984.65     4946.7    684.091   -634.185
   -1319.93    3413.83     9028.5    9784.62   -1023.24   -627.491   -377.586   -224.214   -112.479   -25.9455    35.1562    72.6952    104.504    132.925    143.344    152.342    189.264    163.419
    515.403    195.245    1801.41   -1023.24    5690.49   -367.019   -238.634   -149.546   -88.3525   -42.0059   -11.1582    7.14582    23.8312    36.6462    44.3279    55.6462    172.468    100.221
    938.051   -638.962   -982.348   -627.491   -367.019    5591.98   -194.119   -131.254   -89.5054   -57.8547    -40.509   -23.6931   -19.0803   -12.4939      1.666    4.32481     103.06    36.4759
    900.458   -799.685   -2218.95   -377.586   -238.634   -194.119    5616.69    -114.78   -85.4205   -61.9842   -53.0617   -43.2801   -40.9186   -37.4855    -28.096   -21.5216    60.3866   -6.63476
    680.183   -650.479   -2415.39   -224.214   -149.546   -131.254    -114.78    5524.05   -90.6098   -75.1076    -73.693   -64.8025     -63.55   -57.5617   -63.4875   -54.9388    59.7244    1.15637
    385.518   -374.244   -1961.67   -112.479   -88.3525   -89.5054   -85.4205   -90.6098    5338.94   -85.8444   -85.3305   -80.2352   -84.2595   -69.8261    -98.209   -82.3588    31.4574   -14.3099
    98.4772   -76.6304   -1123.83   -25.9455   -42.0059   -57.8547   -61.9842   -75.1076   -85.8444    5152.55   -129.997   -106.066   -108.732   -85.0265    -123.89   -110.249    40.2016    17.7022
    -140.96    202.914   -163.652    35.1562   -11.1582    -40.509   -53.0617    -73.693   -85.3305   -129.997    5291.08   -161.977   -145.386   -121.682   -154.534   -141.476     109.04    59.4683
   -416.935    510.368    1035.39    72.6952    7.14582   -23.6931   -43.2801   -64.8025   -80.2352   -106.066   -161.977    5167.93   -172.631   -155.281   -179.749   -143.987    60.5997    54.6754
   -661.652    798.473    2222.05    104.504    23.8312   -19.0803   -40.9186     -63.55   -84.2595   -108.732   -145.386   -172.631     5291.4   -194.836    -246.96   -164.606   -8.85609    33.0067
   -836.678    1023.47    3396.22    132.925    36.6462   -12.4939   -37.4855   -57.5617   -69.8261   -85.0265   -121.682   -155.281   -194.836    4886.82   -242.699   -151.885    13.3152    34.8451
   -913.841    1201.55    3984.65    143.344    44.3279      1.666    -28.096   -63.4875    -98.209    -123.89   -154.534   -179.749    -246.96   -242.699    4571.97   -286.596   -83.2744    96.8993
   -976.661    1279.83     4946.7    152.342    55.6462    4.32481   -21.5216   -54.9388   -82.3588   -110.249   -141.476   -143.987   -164.606   -151.885   -286.596    3788.85    18.8709    183.491
    2727.76    436.402    684.091    189.264    172.468     103.06    60.3866    59.7244    31.4574    40.2016     109.04    60.5997   -8.85609    13.3152   -83.2744    18.8709    6695.53    115.738
    246.045    57.2685   -634.185    163.419    100.221    36.4759   -6.63476    1.15637   -14.3099    17.7022    59.4683    54.6754    33.0067    34.8451    96.8993    183.491    115.738    7810.35

          0 8.63758e-15 -2.75378e-13 -3.16998e-11 4.06777e-11 -8.82764e-12 1.11558e-11 2.76785e-11 1.00847e-10 -7.25134e-11 1.6332e-10 -1.68219e-11 6.30419e-11 2.73279e-11 1.45431e-11 -3.43179e-11 6.70311e-12 5.69871e-11
 -8.63758e-15          0 -1.80091e-13 -2.60027e-12 3.22185e-11 -8.09688e-12 -3.59669e-11 4.68805e-12 6.34886e-11 -2.58271e-11 -6.42996e-11 -2.73225e-12 1.13904e-11 2.84729e-11 7.40851e-14 1.2702e-11 4.93882e-11 -2.36562e-10
 2.75378e-13 1.80091e-13          0 1.11011e-12 -1.39388e-11 6.2913e-12 -2.98728e-12 6.59937e-12 -1.5953e-12 -1.00423e-11 -5.30062e-12 -3.16818e-12 -8.45521e-12 -4.84062e-12 9.30529e-12 2.85239e-12 4.50075e-12 -1.34457e-12
 3.16998e-11 2.60027e-12 -1.11011e-12          0 4.03698e-13 1.18788e-12 -2.05809e-12 1.65056e-12 1.67795e-12 5.78232e-11 2.55372e-11 -1.0691e-12 -1.81307e-12 -6.93227e-12 -9.12384e-12 1.22937e-12 -3.13636e-12 -6.16097e-11
 -4.06777e-11 -3.22185e-11 1.39388e-11 -4.03698e-13          0 3.06659e-13 1.37098e-12 -2.1628e-12 -3.47659e-12 1.95581e-12 3.86035e-11 6.64923e-11 1.91624e-11 1.76723e-11 5.17594e-12 9.20421e-12 6.48052e-13 -2.73237e-12
 8.82764e-12 8.09688e-12 -6.2913e-12 -1.18788e-12 -3.06659e-13          0 2.86721e-12 6.54273e-13 1.32255e-13 -1.03624e-11 -5.15242e-12 -1.57441e-11 -8.16923e-11 -1.03075e-11 3.71295e-10 1.29367e-10 1.8931e-11 -8.62374e-11
 -1.11558e-11 3.59669e-11 2.98728e-12 2.05809e-12 -1.37098e-12 -2.86721e-12          0 1.28761e-14 -1.88888e-12 -1.12248e-12 -5.27261e-12 5.02775e-12 7.59786e-13 8.92472e-12 -4.10952e-12 3.74852e-11 2.39006e-11 1.36758e-10
 -2.76785e-11 -4.68805e-12 -6.59937e-12 -1.65056e-12 2.1628e-12 -6.54273e-13 -1.28761e-14          0 3.02244e-12 -2.0893e-12 -3.93716e-12 3.67766e-12 2.39911e-12 7.25211e-12 4.9664e-12 -6.14328e-12 8.51375e-11 2.36594e-09
 -1.00847e-10 -6.34886e-11 1.5953e-12 -1.67795e-12 3.47659e-12 -1.32255e-13 1.88888e-12 -3.02244e-12          0 3.58686e-12 -2.25509e-12 -5.20263e-12 -7.02447e-14 -7.61059e-12 3.54202e-12 6.46965e-13 1.07994e-10 5.74105e-11
 7.25134e-11 2.58271e-11 1.00423e-11 -5.78232e-11 -1.95581e-12 1.03624e-11 1.12248e-12 2.0893e-12 -3.58686e-12          0 4.45234e-12 4.15889e-12 8.93087e-12 6.85941e-12 3.5725e-12 3.30311e-12 7.92395e-11 1.51353e-11
 -1.6332e-10 6.42996e-11 5.30062e-12 -2.55372e-11 -3.86035e-11 5.15242e-12 5.27261e-12 3.93716e-12 2.25509e-12 -4.45234e-12          0 2.37609e-12 1.46618e-12 -1.82479e-12 -1.01542e-12 -1.67434e-12 1.74311e-11 -1.25954e-11
 1.68219e-11 2.73225e-12 3.16818e-12 1.0691e-12 -6.64923e-11 1.57441e-11 -5.02775e-12 -3.67766e-12 5.20263e-12 -4.15889e-12 -2.37609e-12          0 -5.14577e-13 -2.66863e-13 1.76247e-12 4.35906e-12 7.52357e-12 -8.89655e-11
 -6.30419e-11 -1.13904e-11 8.45521e-12 1.81307e-12 -1.91624e-11 8.16923e-11 -7.59786e-13 -2.39911e-12 7.02447e-14 -8.93087e-12 -1.46618e-12 5.14577e-13          0 1.32199e-12 3.56047e-12 1.20502e-12 -6.95305e-11 -1.82082e-10
 -2.73279e-11 -2.84729e-11 4.84062e-12 6.93227e-12 -1.76723e-11 1.03075e-11 -8.92472e-12 -7.25211e-12 7.61059e-12 -6.85941e-12 1.82479e-12 2.66863e-13 -1.32199e-12          0 2.87883e-12 2.80689e-12 -2.47018e-10 -3.9423e-11
 -1.45431e-11 -7.40851e-14 -9.30529e-12 9.12384e-12 -5.17594e-12 -3.71295e-10 4.10952e-12 -4.9664e-12 -3.54202e-12 -3.5725e-12 1.01542e-12 -1.76247e-12 -3.56047e-12 -2.87883e-12          0 1.09494e-12 1.96957e-11 2.44401e-13
 3.43179e-11 -1.2702e-11 -2.85239e-12 -1.22937e-12 -9.20421e-12 -1.29367e-10 -3.74852e-11 6.14328e-12 -6.46965e-13 -3.30311e-12 1.67434e-12 -4.35906e-12 -1.20502e-12 -2.80689e-12 -1.09494e-12          0 9.20903e-11 3.58837e-11
 -6.70311e-12 -4.93882e-11 -4.50075e-12 3.13636e-12 -6.48052e-13 -1.8931e-11 -2.39006e-11 -8.51375e-11 -1.07994e-10 -7.92395e-11 -1.74311e-11 -7.52357e-12 6.95305e-11 2.47018e-10 -1.96957e-11 -9.20903e-11          0 4.78857e-11
 -5.69871e-11 2.36562e-10 1.34457e-12 6.16097e-11 2.73237e-12 8.62374e-11 -1.36758e-10 -2.36594e-09 -5.74105e-11 -1.51353e-11 1.25954e-11 8.89655e-11 1.82082e-10 3.9423e-11 -2.44401e-13 -3.58837e-11 -4.78857e-11          0
